name,category,amazon_link,total_mentions,subreddit_mentions
HORI Fighting Commander for PlayStation 4 & 3 Officially Licensed by Sony - PlayStation 4,Video Games,http://www.amazon.com/dp/B01GVOFIAA/,27,3
