name,category,amazon_link,total_mentions,subreddit_mentions
C++ Without Fear: A Beginner's Guide That Makes You Feel Smart (2nd Edition),Book,http://www.amazon.com/dp/0132673266/,5,1
C++ Primer Plus (6th Edition) (Developer's Library),Book,http://www.amazon.com/dp/0321776402/,6,1
