name,category,amazon_link,total_mentions,subreddit_mentions
Ass Goblins of Auschwitz,Book,http://www.amazon.com/dp/1933929936/,19,1
