name,category,amazon_link,total_mentions,subreddit_mentions
Funko Pop! Games: Overwatch Action Figure - Reaper,Toy,http://www.amazon.com/dp/B01CDEXB56/,1,1
