name,category,amazon_link,total_mentions,subreddit_mentions
A Place for Bats,Book,http://www.amazon.com/dp/1561456241/,2,1
Bats 2017 Wall Calendar: Nature's Nocturnal Superheroes,Book,http://www.amazon.com/dp/1631361244/,1,1
iRiver Model IFP-890 MP3 PLAYER -RED,Network Media Player,http://www.amazon.com/dp/B0002DCJSG/,1,1
Cute - T - Bat Purple Wings(Toddler-Standard),Apparel,http://www.amazon.com/dp/B004157VMA/,1,1
"Yard Sentinel, Outdoor Electronic Pest Animal Ultrasonic Repeller, Animal Control, Pest Control, Cat Repellent, Dog Repellent, Deer Repellent, Mice Repellent, Bird Repellent",Lawn & Patio,http://www.amazon.com/dp/B005KNVH18/,2,1
Jumbo Toy Hammock - Organize stuffed animals or children's toys with the mesh hammock. Looks great with any décor while neatly organizing kid’s toys and stuffed animals. Expands to 5.5 feet - White,Baby Product,http://www.amazon.com/dp/B00F3JZY1S/,1,1
